563
326
412
445
463
436
549
322
316
449
462
448
313
311
590
367
464
559
571
570
557
575
282
346
427
585
258
452
366
328
477
582
437
439
546
442
341
460
356
430
384
433
476
538
440
287
340
597
594
279
447
327
344
581
444
363
573
302
561
355
466
598
472
596
467
280
334
318
419
343
526
292
583
332
552
268
283
335
354
392
360
480
402
531
352
455
543
411
383
589
600
304
337
578
401
298
333
396
576
372
410
312
387
399
405
434
272
348
536
458
562
551
453
530
481
290
265
471
390
275
296
564
273
299
446
373
371
329
259
286
317
403
527
319
288
289
479
345
408
459
584
284
431
315
262
416
293
351
370
381
281
532
465
407
321
425
529
263
478
418
400
413
535
541
542
537
295
409
461
365
539
456
306
566
389
357
276
358
398
266
347
364
540
353
428
308
421
379
375
577
406
567
424
300
376
426
377
422
420
342
350
545
269