445
326
412
563
436
463
549
322
449
313
316
462
448
570
271
367
464
311
590
328
557
559
282
582
258
575
346
571
439
427
366
477
585
430
437
442
452
546
279
384
356
447
341
538
476
440
460
433
419
581
597
287
594
327
344
340
561
343
573
318
596
302
466
268
589
383
526
355
444
531
472
363
467
334
280
401
552
598
583
332
354
402
292
392
335
360
265
578
352
480
283
543
411
304
298
387
455
390
600
333
530
272
319
329
410
296
536
576
372
471
481
446
337
458
290
434
396
408
551
453
312
459
399
405
584
275
403
373
371
479
562
284
348
370
299
273
286
527
317
259
351
293
278
288
289
381
431
564
315
407
281
262
295
537
532
345
416
306
535
321
541
540
542
465
418
263
374
478
539
461
413
425
529
409
365
566
400
364
358
308
353
379
456
376
398
266
428
276
342
347
567
426
357
389
375
300
377
424
421
420
406
422
269
577
368
339
349
545
350