445
326
412
563
436
549
291
548
463
449
322
313
448
570
462
328
388
367
316
464
271
590
311
366
346
282
258
582
559
557
447
439
575
474
427
571
430
440
419
309
592
476
477
318
585
442
437
546
279
538
280
581
384
587
356
287
561
452
451
341
531
433
355
332
568
327
340
589
573
597
383
460
596
594
363
467
343
444
319
329
344
360
302
466
450
533
526
334
543
314
401
583
552
598
354
578
390
369
528
260
268
290
310
471
283
472
352
392
387
588
402
408
312
446
600
272
265
396
292
370
480
411
459
298
286
304
530
331
333
335
359
478
296
595
299
372
455
284
324
410
551
403
458
457
434
330
586
373
371
281
527
273
317
274
303
261
259
351
423
536
569
453
481
550
399
405
337
435
414
348
553
416
275
576
479
537
540
381
295
532
262
584
407
544
431
562
443
321
293
415
429
270
288
289
364
277
432
278
418
306
413
358
361
539
593
276
409
574
353
315
535
380
542
541
566
300
547
564
565
473
374
263
266
379
345
465
461
347
338
470
400
325
567
365
308
424
421
305
555
456
441
404
426
425
342
398
285
428
382
376
454
529
422
368
339
375
599
377
389
357
591
307
323
394
301
349
350
397
580
438
560
420
545
393
269
406
362
558
556
320
554
378
417
577
297