294
445
388
548
412
549
316
449
448
282
366
329
568
320
291
271
592
587
563
326
463
436
462
313
311
590
367
464
328
430
561
318
298
312
551
319
365
451
260
441
309
324
330
322
559
570
585
538
287
363
283
543
589
286
295
325
528
359
361
571
582
440
581
444
596
583
531
296
459
413
537
588
574
362
314
310
369
586
575
346
452
340
327
573
360
387
317
584
431
315
382
544
477
341
433
476
344
598
480
600
434
381
532
407
358
336
474
258
442
447
343
411
399
390
370
529
364
567
342
269
380
450
331
285
557
439
467
332
383
333
405
408
351
425
376
435
323
569
460
302
526
392
352
536
373
371
539
347
540
428
591
278
277
553
414
356
355
354
396
530
481
345
465
438
437
279
466
280
419
273
281
308
426
422
533
368
299
403
409
461
266
353
379
424
300
417
427
372
265
446
527
418
535
432
593
599
348
473
397
297
334
552
272
284
406
420
386
565
378
550
429
374
384
292
455
564
479
456
421
443
307
556
415
401
410
416
263
276
375
555
454
558
546
304
578
576
562
453
339
349
262
478
377
470
580
472
471
259
321
579
394
554
594
268
290
577
274
261
305
270
306
566
350
303
597
400
357
301
560
404
402
288
398
335
275
289
542
541
389
534
423
547
293
545
393
385
338
337
458
457
595